Data,Instance,Algorithm,RandSeed,IterCount,Duration,GenerationCount,Legality,Deviation,Optima,Solution
2018/4/19 23:54,DSJC125.1.txt,Tabu Local Search,1524412484,3476,0.02,0,0,0,5,0 1 3 0 2 2 3 3 3 1 4 3 3 0 0 0 3 4 1 4 4 0 0 2 2 1 0 0 4 1 4 0 2 1 1 3 1 1 3 4 4 4 3 2 1 4 0 3 0 3 2 4 3 2 1 0 4 2 3 1 1 4 0 3 0 2 3 4 1 2 1 2 0 1 1 3 0 4 4 2 2 3 0 1 1 1 4 0 3 1 1 3 4 0 2 2 3 2 2 4 4 0 2 2 4 1 3 1 0 2 0 1 4 3 1 2 4 3 0 4 0 0 1 3 3 
2018/4/19 23:54,DSJC125.1.txt,Tabu Local Search,1524412486,11498,0.02,0,0,0,5,4 0 1 4 3 3 1 1 1 2 1 1 1 0 0 0 1 3 0 3 3 3 4 4 3 2 4 3 0 2 1 4 0 2 2 1 2 2 4 4 4 4 3 0 2 4 0 1 0 1 0 4 1 4 2 4 4 3 1 2 2 3 3 1 0 4 4 4 2 0 2 0 3 2 1 1 4 4 3 3 4 1 0 2 2 2 4 3 1 2 2 1 3 3 0 0 1 3 3 4 0 0 3 4 2 2 1 2 0 3 0 0 3 1 2 3 4 1 0 1 2 3 2 1 4 
2018/4/19 23:54,DSJC125.1.txt,Tabu Local Search,1524412488,865,0.009,0,0,0,5,2 2 1 2 3 4 1 1 1 3 3 1 1 2 2 2 1 4 4 0 2 0 2 3 4 1 0 2 0 0 4 0 0 2 0 1 3 3 4 4 3 3 4 3 0 0 2 1 2 1 4 4 1 3 0 2 3 3 0 0 0 4 2 4 0 0 1 3 3 3 1 0 2 3 1 1 2 1 0 0 1 2 2 0 3 4 4 0 1 2 2 1 4 0 4 4 1 3 4 4 4 2 4 4 3 1 1 1 0 4 2 2 3 1 3 4 3 1 2 1 2 2 3 1 1 
2018/4/19 23:55,DSJC125.1.txt,Tabu Local Search,1524412553,1186,0.024,0,0,0,5,1 3 3 3 0 2 4 4 4 0 0 3 4 1 1 1 1 2 1 1 2 4 1 1 2 4 1 2 3 3 4 4 4 1 4 3 0 4 3 4 0 0 2 0 0 1 4 4 1 3 3 0 4 1 0 1 0 3 4 3 2 2 2 2 1 3 1 3 0 0 3 1 2 0 4 0 1 4 2 2 3 1 2 3 0 0 2 2 4 1 0 3 3 2 4 3 4 0 2 2 0 2 2 4 0 4 4 4 3 2 3 0 2 4 0 0 0 4 1 3 1 2 4 3 4 
2018/4/19 23:57,DSJC125.1.txt,Tabu Local Search,1524412638,1444,0.01,0,0,0,5,1 1 2 2 3 3 4 1 4 1 4 4 4 3 2 2 4 3 2 1 2 3 2 0 4 1 0 3 2 1 3 0 0 3 1 4 1 1 2 0 0 0 3 2 1 3 0 4 2 4 2 0 4 0 1 0 0 3 4 4 1 3 3 4 0 0 2 0 1 2 1 3 1 1 4 4 0 0 0 2 2 4 2 1 4 1 0 3 4 1 1 4 3 0 3 2 4 3 3 0 2 3 2 0 4 1 4 1 0 3 2 1 0 4 1 3 3 4 2 4 2 3 0 2 0 
2018/4/20 9:56,DSJC125.1.txt,Tabu Local Search,1524448598,2419,0.008,0,0,0,5,1 0 3 3 2 3 0 1 2 4 2 1 0 1 0 3 1 0 3 4 3 3 1 1 0 3 2 0 4 4 1 1 2 2 4 1 2 2 1 4 2 2 3 4 2 2 3 2 0 0 3 4 3 1 4 1 2 2 4 0 0 0 0 0 4 4 0 2 2 3 0 0 4 2 2 0 1 1 4 3 2 0 3 4 2 4 2 0 1 1 4 1 1 4 2 3 0 4 4 0 3 0 0 1 2 4 4 1 1 3 1 0 4 1 4 1 2 0 3 0 3 0 4 1 1 
2018/4/20 9:58,DSJC125.5.txt,Tabu Local Search,1524448704,78925,0.157,0,0,0,17,4 15 13 10 0 12 2 5 10 6 7 14 9 0 10 1 16 0 11 10 7 5 2 12 8 13 5 10 13 3 12 12 3 9 4 8 9 14 7 12 2 6 11 3 16 5 14 10 16 1 11 0 10 6 3 13 12 14 3 16 9 1 0 1 4 9 5 1 0 1 11 13 13 4 4 8 15 8 9 15 5 0 14 7 2 16 8 16 4 4 8 15 5 7 1 7 12 13 14 6 9 13 1 2 11 15 15 2 8 14 11 6 16 2 7 3 2 4 5 3 16 12 11 9 7 
2018/4/20 9:58,DSJC125.5.txt,Tabu Local Search,1524448725,81981,0.167,0,0,0,17,10 8 5 14 13 3 14 6 14 1 11 8 0 12 14 3 4 12 16 6 16 1 10 7 13 5 0 14 5 7 0 0 4 10 1 11 2 8 10 6 3 9 1 15 9 6 8 14 12 16 11 1 14 1 6 5 0 12 15 11 7 14 4 7 9 15 15 16 13 13 3 5 5 13 13 15 16 3 3 14 6 0 8 15 9 15 4 8 2 7 0 11 1 2 16 16 0 5 8 9 4 5 7 3 2 11 4 3 10 8 12 10 12 2 2 13 3 10 6 11 9 4 4 15 0 
2018/4/20 9:58,DSJC125.5.txt,Tabu Local Search,1524448728,204883,0.394,0,0,0,17,7 12 5 10 9 16 10 6 10 14 3 4 13 9 10 8 2 9 4 14 3 14 1 2 4 5 6 10 5 16 7 16 1 13 7 0 13 12 3 16 12 7 0 6 15 6 12 10 9 8 0 2 10 14 6 5 16 9 2 2 13 8 1 8 15 13 6 8 16 8 0 5 5 1 1 3 14 4 13 10 6 11 12 3 11 14 0 12 7 7 4 2 1 3 8 3 15 5 12 15 13 5 8 11 15 14 14 11 7 12 0 1 9 4 3 15 11 7 6 11 1 16 0 13 15 
2018/4/20 9:59,DSJC125.5.txt,Tabu Local Search,1524448761,143923,0.283,0,0,0,17,14 2 0 15 3 11 15 7 15 8 9 2 10 13 15 9 16 3 1 4 5 7 6 11 2 0 7 15 0 12 11 11 12 10 14 1 10 2 5 11 6 6 1 12 16 7 2 15 3 9 1 13 15 4 12 0 11 3 12 16 10 15 13 9 14 10 7 13 6 14 1 0 0 14 3 8 9 4 10 15 7 8 2 5 6 16 13 2 14 3 4 6 7 5 9 5 11 0 8 8 10 0 13 8 5 9 16 6 4 9 1 4 16 6 5 12 13 3 7 12 16 11 1 10 5 
2018/4/20 9:59,DSJC125.9.txt,Tabu Local Search,1524448799,5187,0.059,0,0,0,44,15 36 34 31 8 22 35 17 2 28 11 26 7 13 36 33 28 14 11 37 4 43 21 32 32 39 15 39 19 5 32 25 8 4 13 0 42 26 10 14 31 6 10 1 37 29 9 27 21 43 5 13 24 41 2 20 23 16 22 7 26 7 8 6 20 1 24 15 42 30 23 3 33 42 38 41 23 29 37 9 27 25 14 3 18 11 43 34 27 5 29 30 17 16 18 16 17 30 41 35 40 19 8 38 40 33 3 12 6 21 36 39 38 2 35 31 18 9 24 19 22 12 0 28 5 
2018/4/20 10:00,DSJC125.9.txt,Tabu Local Search,1524448814,11528,0.113,0,0,0,44,2 20 37 19 17 4 11 3 12 30 26 39 8 27 19 6 28 38 43 36 43 3 33 1 12 14 2 22 41 27 7 16 16 11 20 23 29 39 19 38 23 20 13 5 15 32 34 35 33 3 28 24 25 16 12 0 21 10 4 8 39 9 9 20 1 5 25 2 29 40 21 42 6 29 31 15 21 32 18 26 35 0 38 42 36 11 7 13 35 13 32 40 1 10 24 10 22 40 26 30 34 41 17 31 30 6 42 17 36 33 27 7 37 22 42 8 9 18 25 41 4 14 37 15 28 
2018/4/20 10:00,DSJC125.9.txt,Tabu Local Search,1524448816,5167,0.058,0,0,0,44,2 37 20 10 16 25 14 13 12 33 15 3 41 43 10 18 33 31 12 24 38 11 29 34 41 32 2 32 19 26 27 28 16 14 43 0 23 3 10 31 11 43 39 6 24 7 30 4 29 38 37 4 13 21 0 7 35 26 25 41 3 0 16 43 40 8 36 2 23 9 35 5 18 23 7 21 35 22 17 15 34 28 31 39 1 14 15 30 34 26 4 9 37 11 1 5 13 9 21 8 42 19 16 13 42 18 30 17 27 29 22 32 40 40 6 36 1 6 5 19 25 20 33 24 39 
2018/4/20 10:00,DSJC125.9.txt,Tabu Local Search,1524448836,2446,0.057,0,0,0,44,38 8 22 24 11 23 7 10 0 9 18 33 31 14 8 13 16 1 39 30 41 4 42 28 31 12 38 12 2 43 36 21 11 7 14 29 15 33 30 1 24 6 37 36 17 3 40 34 42 4 16 14 10 43 0 27 25 35 25 31 33 20 11 6 28 41 5 38 15 32 30 23 13 15 43 17 21 3 19 18 34 29 1 39 26 7 4 37 34 37 3 32 28 35 26 35 10 32 18 9 40 2 11 10 9 13 23 19 6 42 8 12 22 0 39 24 26 27 5 2 25 20 22 17 16 
2018/4/20 10:01,DSJC250.1.txt,Tabu Local Search,1524448882,24488,0.05,0,0,0,8,7 4 1 5 6 0 6 5 1 4 6 0 6 7 6 5 7 3 3 4 0 5 6 7 5 0 7 7 1 1 2 1 3 2 0 5 3 5 2 2 7 2 6 0 0 0 7 5 4 0 0 2 3 5 7 4 1 4 7 3 6 1 4 2 0 0 4 4 0 0 0 7 6 6 5 3 7 7 3 0 7 0 3 1 1 1 0 2 1 4 7 5 4 3 2 1 6 6 4 4 2 4 5 3 0 0 3 3 7 2 6 4 7 3 5 7 4 3 5 7 1 4 0 2 5 1 0 5 1 7 2 3 2 1 5 3 2 5 3 2 0 6 5 1 1 6 3 7 1 0 0 6 3 1 2 4 1 5 3 7 0 0 6 2 1 0 6 2 1 7 6 4 4 6 6 1 0 5 4 6 6 1 7 5 4 3 2 2 2 4 7 5 7 2 2 0 6 5 7 1 2 1 5 5 2 7 3 6 5 4 2 5 3 3 1 5 4 1 3 6 7 5 6 0 6 2 7 6 7 7 2 3 0 2 4 6 3 2 1 5 4 6 7 2 6 7 1 5 2 7 
2018/4/20 10:01,DSJC250.1.txt,Tabu Local Search,1524448904,20590,0.059,0,0,0,8,4 4 5 6 7 1 0 2 4 4 0 1 7 7 0 4 2 3 3 0 7 6 7 0 0 5 4 4 0 3 0 6 5 2 3 0 4 6 3 1 7 3 4 7 0 3 0 6 1 2 0 3 6 1 7 1 1 1 4 0 0 5 5 6 7 2 1 5 4 0 5 6 0 7 6 0 0 7 7 7 7 1 3 6 2 5 7 3 6 5 6 7 6 6 5 1 0 6 7 4 3 2 2 4 3 7 3 2 7 5 2 3 2 4 1 4 2 7 4 4 5 1 7 3 2 5 3 1 2 2 5 1 5 1 4 6 3 2 4 2 7 7 1 5 3 0 3 7 3 0 4 0 1 2 1 7 6 2 1 2 7 1 5 2 7 4 6 6 4 4 5 5 2 0 5 0 7 6 1 4 6 0 1 6 4 5 1 6 0 3 4 6 0 1 3 0 0 2 3 5 3 5 2 6 1 6 4 4 0 0 3 6 1 2 6 2 6 2 5 5 3 7 5 0 7 1 5 5 1 1 1 6 2 3 4 3 4 2 6 6 5 6 4 3 3 4 2 2 3 5 
2018/4/20 10:01,DSJC250.1.txt,Tabu Local Search,1524448906,35974,0.061,0,0,0,8,3 5 3 1 3 7 4 3 5 2 5 1 4 0 6 1 2 1 7 2 0 1 0 4 6 5 5 0 2 0 0 7 1 0 2 1 7 7 4 3 7 3 3 0 0 1 1 6 0 0 1 5 3 1 5 4 3 1 2 1 3 5 6 3 6 0 1 6 6 1 0 7 3 1 3 5 2 7 0 0 6 1 1 7 4 2 4 0 3 2 4 6 2 1 4 1 2 4 6 4 1 6 6 7 2 3 7 5 0 4 2 7 4 5 3 4 4 5 1 5 6 3 0 3 2 7 2 7 4 5 5 0 5 2 5 1 4 4 7 2 5 7 3 6 4 0 7 6 2 7 1 0 1 5 1 0 6 7 7 3 0 0 5 7 6 5 4 2 6 4 3 7 6 7 6 7 0 6 6 7 6 5 1 0 6 5 7 3 4 5 2 6 2 1 2 4 0 6 7 7 3 2 6 3 3 3 5 6 5 0 7 4 3 0 7 4 3 0 6 5 7 2 1 2 2 7 1 5 1 3 7 1 2 0 4 3 2 2 2 6 4 1 4 5 4 5 6 0 3 1 
2018/4/20 10:16,DSJC250.5.txt,Tabu Local Search,1524449762,1162259,3.395,0,0,0,28,17 27 2 6 11 9 21 5 17 13 14 19 4 19 22 18 0 26 20 14 5 23 3 7 21 7 19 23 11 8 7 24 8 4 22 16 0 27 0 6 11 2 3 9 22 26 20 9 21 23 13 4 25 6 6 11 27 23 16 23 6 22 15 21 27 3 26 9 19 10 8 7 13 22 7 8 21 4 6 25 16 18 8 10 23 14 16 14 24 21 4 12 12 26 8 0 25 15 15 25 0 13 19 24 25 15 27 23 23 22 17 3 25 3 18 0 17 18 20 5 16 5 22 9 18 0 1 25 6 27 3 13 7 21 3 26 23 20 26 8 5 25 14 15 13 20 7 11 0 19 6 20 17 8 22 10 19 18 13 21 10 5 2 16 17 25 16 12 16 5 26 1 3 10 7 24 22 24 10 12 17 10 20 2 12 1 18 12 24 13 15 3 14 15 8 10 18 15 8 4 21 7 12 1 3 26 16 1 9 25 0 5 22 23 4 18 14 1 24 10 23 2 1 20 19 11 14 19 11 16 11 0 25 0 12 5 2 27 26 6 13 21 6 15 1 25 1 15 26 1 
2018/4/20 10:16,DSJC250.5.txt,Tabu Local Search,1524449778,1848300,5.302,0,0,0,28,9 24 12 0 9 17 16 4 3 15 4 1 14 1 11 19 21 25 6 11 18 15 20 20 17 1 1 12 9 12 12 26 4 26 11 6 21 22 7 7 10 18 24 14 11 17 13 13 16 16 15 16 5 26 19 9 7 16 23 16 0 11 6 10 8 6 17 7 23 27 25 4 15 11 4 0 10 0 16 5 23 6 22 13 13 6 25 11 4 19 13 10 2 17 20 21 5 3 24 5 25 15 1 8 5 10 18 2 27 11 20 21 5 24 17 2 20 22 13 22 23 19 11 14 14 21 18 5 18 7 24 15 12 24 1 25 1 22 24 10 6 5 7 6 15 20 12 27 21 7 16 25 21 21 11 27 9 19 15 3 14 6 4 20 17 5 23 2 20 1 0 25 18 23 3 8 11 8 26 27 3 19 7 18 3 13 26 2 8 15 27 24 12 10 10 27 13 27 22 1 19 23 0 2 24 18 23 12 6 5 7 8 7 3 14 0 4 25 8 3 17 4 20 22 2 2 2 9 9 23 18 21 5 21 9 19 8 19 27 18 15 16 17 10 26 5 21 25 16 9 
2018/4/20 10:16,DSJC250.5.txt,Tabu Local Search,1524449814,385013,1.381,0,0,0,28,21 24 2 19 17 10 15 12 10 27 13 15 11 4 4 11 26 16 26 26 12 27 6 5 1 5 5 20 17 23 19 0 12 24 11 19 23 10 16 14 25 6 14 21 2 23 26 19 17 20 27 20 6 4 18 21 14 20 5 12 11 2 25 1 22 26 10 16 3 3 16 24 27 24 11 18 8 8 17 7 8 4 4 19 24 4 3 9 11 8 19 18 16 8 13 26 7 19 25 7 16 27 6 8 7 25 6 21 15 18 21 9 7 4 5 0 6 20 22 19 3 12 3 11 0 23 10 7 13 9 22 27 5 15 6 23 2 2 1 13 15 23 18 25 27 26 11 17 4 2 9 22 21 23 26 18 14 0 27 8 19 20 23 19 20 7 3 23 19 22 1 22 26 3 5 20 4 1 1 13 3 18 5 12 13 26 8 7 24 27 25 15 6 25 13 4 0 25 12 6 14 9 8 14 10 3 9 14 15 7 9 24 16 10 5 23 1 18 0 5 20 24 14 11 21 9 14 21 23 3 1 16 7 1 10 22 1 18 15 2 27 10 17 25 0 7 9 25 15 17 
2018/4/20 10:17,DSJC250.9.txt,Tabu Local Search,1524449843,702224,3.129,0,0,0,72,4 26 7 16 57 4 40 56 69 22 37 62 10 9 22 42 64 66 10 50 12 51 41 32 19 21 67 1 49 11 20 56 2 63 70 45 0 3 4 30 38 66 64 20 30 22 58 71 48 64 16 6 61 69 11 34 21 54 9 43 61 8 46 33 49 13 44 14 47 57 53 36 39 15 50 10 2 67 30 29 17 43 2 58 14 27 69 62 19 45 67 47 39 17 40 21 33 63 28 25 44 5 37 66 28 70 60 1 40 36 46 33 70 35 29 17 8 28 36 53 16 51 68 41 44 47 0 65 65 22 48 48 34 31 9 51 59 6 11 49 38 59 5 29 42 15 38 50 65 27 52 1 63 7 14 55 64 52 12 32 27 10 62 15 3 68 24 41 54 49 31 0 54 67 66 12 35 32 62 71 46 42 13 7 39 52 68 5 16 58 18 36 53 55 2 17 31 44 60 71 1 37 8 56 18 55 41 26 47 55 24 19 34 35 21 57 71 59 23 42 46 33 45 13 20 7 43 37 35 26 4 18 69 70 24 25 20 24 25 61 6 23 5 40 45 28 16 23 26 18 
2018/4/20 10:17,DSJC250.9.txt,Tabu Local Search,1524449858,141951,0.856,0,0,0,72,15 16 26 13 11 15 5 24 68 17 66 38 49 44 17 65 26 63 49 30 9 3 27 41 6 70 12 57 2 13 67 14 22 54 56 69 43 65 15 13 36 63 47 56 8 17 3 60 24 34 13 33 25 9 48 54 70 53 61 31 25 20 50 10 2 71 32 0 26 33 34 0 42 19 19 49 22 12 20 4 18 31 22 21 4 51 46 38 6 69 28 0 42 61 1 70 10 44 37 28 46 4 66 63 37 7 8 41 62 62 50 10 56 55 21 18 45 37 32 58 33 12 39 27 30 0 43 59 59 17 44 5 45 18 34 48 36 14 58 2 14 36 29 21 62 11 47 30 59 51 40 11 52 21 52 35 61 40 9 7 51 49 38 68 3 32 57 27 1 2 8 43 1 28 63 11 55 61 38 60 50 40 71 7 42 40 20 29 32 47 64 23 52 35 22 18 67 29 65 60 23 66 45 24 64 35 27 16 48 35 68 6 67 55 70 53 60 57 54 39 50 10 69 71 39 7 31 66 55 16 15 64 46 56 68 54 53 57 23 25 19 58 29 46 69 37 32 5 16 64 
2018/4/20 10:17,DSJC250.9.txt,Tabu Local Search,1524449862,148706,0.932,0,0,0,72,8 11 42 60 55 8 56 23 26 12 37 29 17 69 3 13 34 35 7 71 53 7 46 24 65 49 28 22 0 14 33 6 54 57 25 19 51 13 8 11 5 35 34 33 40 3 46 43 10 34 60 51 16 26 14 57 49 20 69 31 25 7 59 2 0 30 58 38 54 55 27 48 64 70 11 70 1 62 9 38 10 61 1 17 38 3 26 4 65 19 67 21 64 70 56 49 3 42 45 67 58 43 37 35 45 52 40 22 56 48 59 2 39 2 41 16 44 45 48 54 60 30 32 27 58 54 71 63 63 15 15 21 61 24 69 1 18 6 14 0 6 18 43 47 46 31 9 11 53 39 68 22 62 62 65 36 34 68 29 52 39 70 28 51 9 32 66 63 20 0 40 31 20 62 35 53 30 24 4 21 59 68 47 52 64 68 32 23 60 17 50 48 10 36 67 29 41 58 13 27 22 37 44 12 50 36 28 12 25 36 66 41 27 5 49 55 15 18 57 28 59 2 19 23 33 52 61 37 10 29 8 50 26 43 66 57 33 66 4 16 71 5 46 56 19 45 60 42 47 50 
2018/4/20 10:22,DSJC500.1.txt,Tabu Local Search,1524450149,12134,0.131,0,0,0,13,6 6 11 10 11 1 12 3 2 4 1 12 9 6 4 0 3 7 7 10 1 2 8 3 7 0 1 11 0 2 3 4 12 3 3 2 1 3 7 5 10 3 10 1 11 8 8 8 7 1 10 0 2 4 1 12 4 4 2 4 2 8 1 5 7 7 11 6 5 3 7 11 2 2 8 5 2 7 3 0 12 4 0 5 5 0 11 9 12 4 10 1 0 4 7 6 12 12 7 10 7 11 11 10 3 6 7 1 9 11 6 2 4 1 1 5 7 1 12 3 8 3 1 9 6 2 9 9 8 0 10 9 11 11 11 8 6 9 10 1 0 10 3 7 5 10 12 12 2 11 6 6 11 6 7 3 7 10 0 3 4 3 4 1 10 1 10 12 9 11 10 5 2 8 8 4 10 11 12 7 9 2 6 10 0 5 10 9 10 10 1 5 7 12 11 5 9 4 12 2 8 0 2 8 5 0 9 8 7 10 9 8 11 0 7 6 12 0 9 0 12 9 11 9 12 1 12 3 6 2 5 0 1 7 11 2 10 12 9 11 4 8 6 1 4 9 11 12 11 0 11 9 4 0 5 11 5 6 11 12 12 5 5 3 12 10 6 8 7 1 9 1 12 4 6 8 0 2 3 10 5 4 4 4 6 3 2 7 6 6 1 9 10 6 8 3 9 8 5 5 5 0 10 5 11 4 8 7 4 0 3 5 2 4 4 8 11 0 8 1 11 9 7 0 4 8 6 3 0 9 0 2 6 3 0 1 4 8 1 0 2 10 3 3 4 9 9 12 11 0 11 1 2 0 4 5 6 0 9 10 3 11 5 6 6 6 10 12 5 2 3 8 9 11 6 9 11 6 12 6 3 3 3 12 7 3 0 1 0 9 2 4 4 6 6 9 4 6 6 2 1 3 0 4 3 12 4 7 8 4 5 10 0 9 3 1 1 0 6 7 6 1 2 12 4 1 0 7 11 1 5 10 3 1 1 12 12 0 3 7 2 7 9 7 6 4 2 10 6 5 9 3 12 12 8 12 9 1 11 10 9 1 11 11 5 6 3 8 7 4 9 0 2 10 9 0 8 8 10 8 7 12 10 7 6 1 2 7 5 5 8 10 1 3 10 0 9 5 6 5 
2018/4/20 10:26,DSJC500.1.txt,Tabu Local Search,1524450412,23465257,31.192,0,0,0,12,9 2 1 5 1 6 9 8 10 10 8 6 9 2 3 11 4 2 8 3 5 6 9 10 0 5 5 4 7 2 11 11 5 4 0 8 11 8 0 7 4 11 3 5 1 7 7 10 7 5 8 2 6 0 1 0 9 7 0 2 2 9 2 1 10 3 6 0 6 6 11 7 7 5 4 3 10 8 9 6 4 10 9 4 5 4 4 1 3 1 0 11 6 5 4 11 10 9 8 0 1 10 7 11 8 0 10 8 2 10 6 7 0 3 5 10 5 6 7 9 11 5 6 1 3 5 6 2 10 10 7 6 10 4 5 8 7 4 6 6 6 2 0 8 0 5 3 10 5 7 10 3 5 10 3 0 10 7 6 3 5 7 8 5 3 5 9 10 6 6 3 3 1 8 8 8 3 6 2 8 8 8 5 0 1 3 3 9 6 4 9 1 4 4 1 3 1 8 0 7 9 6 0 2 9 9 1 0 10 5 8 9 1 2 8 7 4 8 0 2 8 5 4 3 11 11 7 2 10 4 10 8 1 10 4 6 3 8 1 1 9 2 0 1 6 8 4 11 4 2 7 2 4 3 10 9 0 7 4 11 4 7 6 2 0 11 4 7 11 2 7 3 11 7 3 4 5 5 3 10 11 2 1 10 6 11 7 7 11 3 6 10 8 0 11 5 0 2 3 10 3 4 9 9 4 10 4 0 1 7 8 7 9 7 5 9 10 4 9 1 9 9 10 0 2 1 9 8 1 9 0 9 0 7 10 10 5 6 8 6 10 11 4 2 11 1 4 7 6 1 11 2 0 3 10 5 7 7 0 1 10 0 7 2 2 2 4 4 3 4 1 11 7 2 11 4 5 7 4 9 1 5 1 4 0 0 0 5 0 5 7 4 5 8 2 9 6 11 6 5 5 1 9 1 9 6 5 3 8 7 11 3 6 4 8 11 5 4 3 8 3 5 11 8 11 6 5 8 9 6 10 3 5 1 3 5 8 6 9 2 5 3 10 6 0 10 9 0 6 4 3 0 6 4 10 0 3 7 0 10 10 5 6 10 6 4 0 2 1 9 1 3 7 4 0 9 8 3 3 8 9 0 6 3 3 5 11 11 1 6 11 4 5 0 3 3 2 10 0 10 
2018/4/20 10:27,DSJC500.1.txt,Tabu Local Search,1524450471,38644870,51.686,0,0,0,12,4 0 2 10 2 5 4 1 7 9 8 6 5 9 6 9 1 0 8 9 0 9 8 2 4 3 2 0 3 0 3 7 2 10 11 1 8 8 5 6 5 8 6 8 5 10 6 3 0 6 8 1 4 6 1 11 5 5 10 5 0 8 4 3 1 2 11 11 6 8 1 6 5 7 0 6 9 5 2 6 8 8 3 6 4 3 4 11 11 0 6 2 1 2 2 8 4 1 3 11 1 2 2 9 2 7 6 10 2 3 7 7 10 6 0 7 2 6 4 7 2 0 8 10 11 7 1 5 9 11 1 2 10 6 0 8 11 10 9 6 9 4 10 0 10 10 6 2 2 2 9 1 11 3 11 5 2 9 10 5 5 6 5 5 8 11 5 1 10 10 4 0 7 1 8 5 4 9 1 3 5 6 11 4 5 6 4 0 8 5 9 10 1 4 9 7 4 3 4 6 8 8 10 7 11 7 3 8 3 5 8 8 1 10 1 4 9 8 3 5 8 2 9 1 1 2 7 9 1 5 0 2 1 5 0 8 6 7 10 3 7 9 2 3 9 3 2 6 0 7 6 0 11 3 7 1 11 7 4 1 5 11 11 11 10 4 10 11 2 2 0 5 7 11 6 9 10 4 6 4 8 8 11 2 4 11 6 5 1 6 6 6 5 10 8 5 10 9 6 6 9 5 4 11 0 9 10 10 4 4 9 8 9 5 6 1 9 1 9 3 0 9 2 10 9 9 7 2 10 0 11 4 4 0 5 9 1 11 2 4 7 0 3 7 6 3 2 6 2 3 1 9 10 3 3 10 2 4 10 5 11 10 3 2 11 0 4 9 0 5 9 7 10 3 8 4 2 7 3 9 9 8 9 10 10 10 3 3 10 11 9 3 7 11 7 2 11 11 11 10 7 2 6 1 4 8 1 4 8 1 7 3 3 5 7 0 5 5 6 2 11 2 3 2 8 3 5 2 4 2 5 9 2 8 3 6 5 3 9 10 7 2 3 2 10 5 0 10 1 0 10 6 4 2 11 7 6 2 1 6 7 9 2 9 5 10 11 11 6 1 6 0 1 1 7 5 3 10 0 8 0 10 3 10 11 6 7 3 4 6 4 11 0 10 11 2 3 10 6 7 
2018/4/20 10:32,DSJC500.1.txt,Tabu Local Search,1524450729,4250004,5.46,0,0,0,12,4 8 3 4 0 4 8 0 6 2 1 11 7 11 8 6 5 1 7 4 1 10 6 11 6 11 4 2 5 2 10 11 11 5 9 10 9 3 0 8 4 1 0 8 6 6 10 1 6 1 9 10 4 9 7 9 5 0 4 0 10 2 9 5 6 8 6 9 10 10 10 5 3 3 1 8 11 10 5 3 11 9 7 7 11 8 8 9 3 2 5 9 1 11 10 6 4 1 8 9 6 6 8 0 1 4 6 4 9 8 1 8 8 3 6 5 10 9 0 7 2 6 4 4 2 1 7 9 4 0 0 4 8 6 1 8 10 6 7 5 2 9 3 10 9 7 7 0 0 6 4 8 5 8 3 4 10 2 7 0 0 0 9 0 3 3 10 2 0 7 9 1 7 7 1 9 3 4 7 10 0 2 3 3 6 3 11 0 7 9 4 4 0 6 2 8 10 5 5 8 5 8 4 5 0 7 10 7 4 3 1 1 2 11 10 3 10 1 0 9 5 0 11 7 3 8 11 2 6 10 2 11 7 3 2 2 11 10 5 6 6 1 5 10 1 1 0 6 3 11 2 8 1 0 11 7 9 7 1 9 9 2 8 6 4 7 8 3 2 1 6 1 6 9 5 10 7 8 8 9 1 2 0 6 9 3 11 0 7 5 7 9 9 5 11 0 4 1 3 1 11 0 5 2 10 11 3 4 8 6 1 2 5 0 11 2 3 6 1 1 6 7 9 4 11 11 5 10 4 0 2 6 6 2 7 2 11 2 1 10 2 8 5 5 3 8 6 0 2 5 6 4 4 8 1 3 10 8 7 1 9 3 6 10 9 7 10 6 0 0 5 3 5 11 11 9 3 8 8 4 7 5 7 3 4 5 5 11 4 9 2 0 4 2 6 6 11 11 4 4 7 5 11 8 6 10 1 10 0 11 11 10 4 10 5 1 2 8 8 1 11 2 4 11 1 0 10 2 6 3 3 9 3 11 7 3 8 7 10 5 3 8 2 2 8 10 7 3 3 0 4 3 11 4 7 9 11 4 6 9 10 6 8 6 5 4 11 2 8 1 3 7 9 0 5 10 5 1 9 1 9 8 10 5 7 3 7 6 11 2 1 3 1 5 8 8 2 2 5 0 
2018/4/20 10:32,DSJC500.1.txt,Tabu Local Search,1524450746,65243678,85.86,0,0,0,12,2 10 11 11 11 7 6 1 6 5 1 6 9 10 3 6 8 6 11 7 8 2 6 11 5 3 2 8 4 5 1 5 3 0 5 7 1 1 10 4 2 8 5 11 4 1 10 1 4 7 11 3 6 10 1 4 9 9 0 9 11 0 5 8 9 6 4 4 6 3 2 5 2 1 8 4 9 9 2 3 10 9 0 11 3 6 5 11 7 7 7 1 6 1 5 1 5 2 6 4 4 0 8 2 0 9 9 11 6 3 5 0 6 3 2 5 11 6 7 2 3 1 2 6 8 7 0 9 2 9 1 7 11 11 10 4 0 10 9 7 2 1 11 2 1 3 3 2 1 4 5 1 3 6 0 7 0 1 11 9 9 0 9 2 5 2 1 6 6 0 8 5 11 10 8 1 6 8 10 0 9 3 8 5 6 3 4 6 11 8 7 11 10 8 4 3 3 1 5 0 5 4 0 11 0 7 2 5 0 2 1 11 4 10 5 4 8 8 7 3 7 3 8 6 9 6 11 1 4 11 3 3 4 9 8 8 0 4 6 7 2 8 8 3 1 6 8 3 9 4 11 7 8 10 10 3 4 4 8 2 6 1 6 10 10 10 8 2 9 3 9 11 7 4 0 10 8 6 5 9 9 6 10 9 5 2 0 9 10 7 3 5 5 1 11 2 11 5 4 4 2 9 7 0 8 10 1 5 4 6 9 0 5 1 11 4 5 7 2 8 9 10 3 7 2 8 6 1 3 10 8 6 5 4 11 5 7 6 1 7 9 4 8 2 2 3 9 11 9 4 5 2 10 9 1 10 1 5 11 5 0 4 4 6 4 10 8 4 0 2 5 5 5 6 11 6 3 4 8 7 7 5 9 8 7 8 10 3 11 10 9 2 7 0 4 3 10 8 7 0 7 2 3 9 0 0 8 3 1 9 2 0 10 3 0 0 5 8 6 0 10 2 1 3 10 7 7 0 5 1 2 1 9 11 7 11 10 10 5 0 11 11 3 1 10 5 10 8 9 11 0 9 10 10 1 4 11 3 6 4 5 2 6 5 2 3 8 11 3 5 3 4 4 8 3 4 7 0 1 6 4 6 2 0 0 4 0 7 7 11 0 8 11 10 2 4 9 6 10 5 
2018/4/20 11:00,DSJC500.5.txt,Tabu Local Search,1524452444,2887233,15.789,0,0,0,49,38 35 23 12 45 47 14 6 18 27 6 32 3 17 44 15 10 48 23 38 24 18 19 0 41 20 16 8 6 29 37 30 2 2 37 9 17 19 35 4 32 44 3 15 31 37 26 44 19 19 27 33 41 6 7 37 38 39 16 15 31 34 38 33 40 31 2 17 40 26 34 22 17 11 42 17 22 35 38 3 10 39 43 24 42 25 5 43 28 15 0 42 10 33 3 20 4 47 28 19 29 4 44 33 9 46 38 48 19 27 47 40 47 46 28 30 1 3 30 25 4 30 11 27 45 29 43 22 6 12 38 0 29 1 7 45 7 47 8 23 31 34 25 5 31 0 37 26 23 29 17 13 20 25 41 2 17 46 9 42 8 39 44 13 10 47 14 39 13 40 0 7 1 34 14 11 46 36 25 33 38 32 38 8 18 37 1 35 27 12 13 4 1 0 12 40 5 9 26 6 0 46 6 22 41 21 27 31 20 48 8 24 14 19 27 5 38 35 29 14 12 3 30 2 41 34 3 43 40 9 12 28 21 23 46 13 15 33 18 44 42 30 27 33 10 16 27 10 43 23 28 30 43 21 3 5 7 14 35 37 41 41 10 3 47 48 36 11 1 23 12 28 13 22 33 12 30 33 42 26 25 32 18 47 43 40 9 14 37 12 48 25 33 18 20 32 34 42 24 48 44 28 35 1 7 16 14 26 31 3 5 21 17 17 6 15 15 7 26 5 6 15 43 32 22 4 20 20 7 36 25 14 20 31 36 28 25 2 36 30 47 30 39 23 10 19 25 31 11 44 15 11 21 32 19 16 4 11 26 18 7 20 11 40 3 34 46 12 13 5 30 37 0 26 16 21 48 22 36 1 25 1 24 26 32 8 24 45 14 18 9 40 14 48 42 8 9 31 21 44 8 38 15 48 46 42 26 30 29 4 27 11 35 45 29 37 8 18 38 40 45 24 22 46 41 1 48 13 17 33 12 22 15 44 16 6 41 9 6 4 36 24 39 31 36 46 20 13 34 36 16 9 11 47 3 16 18 23 2 38 23 15 44 37 5 8 34 32 18 2 42 16 29 28 10 14 21 22 5 37 39 4 35 33 14 45 48 36 26 43 21 35 24 10 5 44 39 17 32 13 
2018/4/20 11:01,DSJC500.5.txt,Tabu Local Search,1524452478,92044764,521.894,0,0,0,49,25 35 6 44 37 42 16 21 26 10 29 11 36 31 40 47 40 1 32 7 1 0 40 10 0 8 20 15 44 33 0 24 48 5 7 13 28 35 20 2 11 27 9 9 41 44 43 40 48 17 28 46 0 9 34 27 25 25 48 12 8 13 35 13 30 3 7 15 33 6 38 21 12 39 38 5 17 6 31 9 46 13 31 37 29 38 29 21 48 47 31 25 5 28 22 15 33 19 45 2 2 23 40 8 33 28 44 28 30 11 26 15 48 46 48 24 36 25 36 9 40 10 41 39 8 13 31 47 13 34 3 39 7 22 34 12 34 12 5 1 37 11 5 1 31 35 26 4 33 20 6 3 5 5 0 4 45 44 24 13 34 38 7 7 46 13 16 23 33 25 21 41 44 36 16 14 20 10 24 36 48 44 31 33 2 15 36 42 11 34 42 32 41 10 29 30 21 33 43 46 18 24 27 32 41 3 17 3 8 26 5 10 16 24 7 47 24 45 2 16 22 19 10 30 37 13 6 21 8 30 47 30 25 41 9 42 38 14 23 27 36 4 14 34 40 46 29 27 14 10 17 24 4 23 14 43 14 16 35 15 12 35 22 37 0 22 23 8 36 38 46 45 45 28 17 47 19 35 13 38 28 39 45 11 20 21 44 16 46 21 8 28 15 3 45 0 32 18 26 44 23 25 14 21 41 17 16 2 47 11 6 3 32 3 39 1 19 47 37 45 26 38 48 26 32 23 30 30 43 48 17 16 33 41 37 22 37 29 47 43 1 3 26 9 11 24 31 28 21 27 9 15 37 0 17 15 39 45 6 7 34 39 35 24 48 4 11 34 2 6 12 19 18 41 4 14 32 17 5 43 28 41 0 29 35 7 48 23 16 17 35 37 16 43 41 35 39 47 20 20 32 44 3 3 6 1 24 43 20 23 2 4 32 12 2 21 5 36 18 14 39 1 32 12 21 2 2 7 17 13 34 36 40 27 19 40 0 48 2 14 10 33 13 22 9 42 19 42 4 10 18 45 22 37 43 34 6 24 34 46 30 19 40 32 29 15 32 19 9 43 44 34 15 37 18 16 31 42 6 25 42 31 30 2 16 19 29 10 38 31 12 31 1 19 6 12 36 11 4 42 
2018/4/20 11:14,DSJC500.5.txt,Tabu Local Search,1524453297,9083599,50.765,0,0,0,49,19 17 2 27 18 41 3 13 21 5 12 1 11 25 0 12 22 31 21 19 48 40 1 43 4 32 0 39 39 8 31 20 28 30 22 13 29 1 40 7 39 0 14 38 4 22 38 6 4 17 29 33 35 11 26 41 19 33 12 45 18 46 19 12 48 44 28 27 21 47 14 44 46 32 30 47 17 5 19 11 42 33 21 41 28 41 30 46 0 14 47 15 44 40 2 32 11 15 38 7 7 28 22 38 9 34 19 4 11 16 21 31 8 36 4 12 40 35 13 37 1 5 25 1 34 8 23 6 8 26 19 14 4 5 26 24 26 16 33 0 44 1 17 23 6 13 14 47 38 2 29 9 27 32 25 1 31 30 20 15 26 12 0 25 41 27 3 5 16 21 47 17 42 15 3 21 8 28 45 5 39 28 19 23 7 22 2 23 23 26 31 39 38 47 15 36 12 37 8 2 33 24 41 14 1 5 0 21 48 34 45 29 3 2 13 14 19 13 7 3 36 13 35 18 31 4 46 25 34 48 34 35 25 36 36 24 15 22 6 10 15 9 29 26 23 2 20 21 8 29 17 9 29 32 41 37 17 3 32 23 24 18 18 18 45 28 33 41 40 20 15 20 24 42 35 32 15 22 14 45 32 45 42 34 43 25 43 3 33 33 4 14 10 40 48 20 31 16 38 44 11 24 35 20 24 43 3 7 47 13 43 8 47 9 10 9 45 13 32 11 43 38 24 16 30 13 48 48 27 39 45 3 46 47 44 42 15 28 18 0 29 16 30 40 25 39 45 47 14 43 8 10 18 30 44 48 34 35 37 31 26 9 17 20 37 39 16 26 7 17 45 12 1 44 29 6 39 6 32 27 24 36 40 9 35 48 37 18 3 17 37 10 3 40 35 33 2 6 10 0 20 19 24 34 12 8 15 20 6 43 7 34 41 34 7 22 11 2 19 10 1 12 44 36 46 7 7 38 44 25 26 13 47 0 15 11 28 27 7 46 30 10 21 48 46 30 23 16 41 44 45 42 10 2 12 26 4 20 26 19 38 12 34 22 4 14 43 38 21 39 8 26 9 32 45 3 6 18 39 30 5 0 48 7 3 39 28 6 32 23 31 23 1 41 23 36 27 16 30 36 
2018/4/20 11:16,DSJC500.5.txt,Tabu Local Search,1524453391,18069207,108.963,0,0,0,49,41 40 7 28 14 41 18 25 11 7 11 4 14 5 9 30 3 16 11 48 8 41 43 2 34 40 48 36 36 8 26 34 30 25 26 31 2 1 25 44 36 22 29 6 11 1 6 12 7 38 23 3 37 29 10 26 33 5 22 35 48 31 4 31 12 10 25 42 16 40 21 19 42 17 8 23 8 13 35 29 9 31 15 14 32 3 32 4 20 40 2 44 3 15 16 4 19 0 4 45 22 14 42 10 37 46 5 46 43 0 22 21 0 46 13 29 14 18 14 29 46 18 21 25 28 31 20 3 31 38 2 27 30 17 44 30 21 0 27 48 19 22 35 32 2 40 26 17 11 45 38 10 12 35 15 23 42 42 34 31 10 29 21 28 21 31 33 8 5 13 13 40 40 14 44 5 45 39 35 18 36 32 15 2 11 26 18 47 9 2 24 36 17 16 1 46 27 19 6 44 20 20 35 38 15 18 25 12 35 38 36 6 43 1 32 1 14 27 9 24 16 0 47 44 14 31 3 4 26 30 28 15 29 34 29 29 35 15 11 38 8 44 17 33 17 37 34 22 16 10 6 11 11 41 42 27 5 9 45 26 3 47 9 30 35 15 47 21 23 34 7 34 24 13 46 6 0 42 31 43 28 45 17 0 37 13 40 40 26 16 11 46 46 23 9 34 43 20 41 19 48 33 47 19 3 22 48 48 10 27 27 12 42 6 37 6 43 33 6 43 25 1 20 18 32 36 19 19 8 36 35 43 19 22 19 15 14 32 18 21 0 41 10 10 28 14 35 12 5 47 23 22 44 9 19 21 42 21 6 38 3 41 5 34 16 21 27 4 42 48 24 26 28 39 1 1 36 45 7 1 3 25 47 32 47 30 23 48 43 39 1 39 3 15 16 8 23 13 0 45 19 11 14 38 29 5 6 34 1 39 22 4 47 7 45 26 41 37 33 39 7 12 22 46 3 39 25 24 25 31 30 18 17 25 45 43 4 13 23 48 44 39 31 2 46 4 32 24 20 19 17 40 17 28 40 45 11 34 45 7 18 37 44 26 32 27 20 1 39 36 28 2 45 30 32 38 18 44 36 26 24 48 38 41 24 36 32 0 33 9 30 12 2 23 15 40 13 24 4 23 
2018/4/20 12:39,DSJC500.5.txt,Tabu Local Search,1524458355,32959652,180.593,0,0,0,49,41 0 39 27 13 5 33 42 4 29 22 13 0 8 39 3 11 17 31 41 17 37 38 35 7 16 21 24 32 29 6 9 3 35 28 7 29 10 45 13 19 2 8 12 20 34 26 11 2 16 4 1 10 0 15 3 41 16 36 3 21 19 41 27 44 43 8 23 44 20 31 40 34 42 3 16 24 25 41 0 45 34 47 45 29 19 4 23 18 31 17 12 16 46 25 26 40 46 12 45 8 38 0 27 10 12 41 26 31 4 22 42 19 1 28 9 38 14 29 38 24 2 0 20 6 18 32 32 36 48 41 31 14 43 15 22 47 7 11 35 40 24 3 10 17 2 46 7 35 12 36 20 44 12 10 28 30 1 9 26 15 19 47 43 45 15 33 2 7 22 10 24 0 10 33 28 36 2 9 1 41 23 41 17 25 42 30 48 39 15 43 23 28 28 45 34 11 40 38 13 1 9 2 31 10 24 16 21 37 48 3 45 33 9 28 31 41 34 39 33 22 46 34 21 18 7 45 43 1 16 13 48 0 39 46 25 11 6 30 25 20 20 4 15 4 44 4 39 14 29 24 9 13 28 6 24 15 33 5 34 10 2 38 21 34 24 10 45 37 39 17 25 20 47 27 18 9 27 36 29 27 45 18 13 37 12 48 33 39 1 42 31 1 30 38 8 22 44 23 40 14 3 48 40 27 20 33 21 20 23 37 44 23 24 27 25 26 44 32 4 35 7 32 10 22 47 40 40 38 5 11 33 40 19 40 43 21 18 32 44 34 4 48 36 13 30 21 17 8 5 23 35 11 35 40 42 13 42 29 14 15 31 22 9 13 19 18 15 43 43 3 6 5 39 6 8 37 11 5 1 12 16 22 29 48 36 28 32 33 2 46 21 33 37 7 1 45 47 34 14 40 41 25 25 36 23 9 31 24 2 46 13 48 35 46 6 6 30 41 39 30 17 23 37 34 3 42 14 16 15 47 20 19 2 48 0 29 28 29 34 28 17 37 42 32 18 26 25 31 40 16 11 43 21 0 44 30 9 5 41 12 8 22 6 26 3 23 46 37 12 29 15 5 12 26 33 35 20 19 32 19 27 48 13 33 30 25 2 26 3 36 17 32 31 4 22 19 46 23 45 
2018/4/20 12:42,DSJC500.5.txt,Tabu Local Search,1524458569,30211058,176.349,0,0,0,49,18 34 11 47 27 0 0 8 11 22 21 30 25 37 12 11 31 15 33 36 2 37 19 38 19 27 34 37 20 37 46 1 11 32 26 33 26 10 20 10 30 32 31 4 38 3 40 5 3 18 23 1 9 8 42 11 42 15 24 13 35 43 13 48 9 45 34 47 6 36 6 45 41 35 26 3 37 22 28 43 19 14 41 44 33 20 10 0 46 40 7 13 27 25 7 16 12 38 9 31 32 10 5 19 25 4 42 46 21 30 31 5 20 39 10 21 47 47 29 8 5 5 11 44 42 37 4 31 20 38 9 14 46 3 13 35 23 13 6 35 44 30 1 32 22 33 2 41 45 27 48 42 9 4 25 2 24 18 1 24 6 8 41 19 31 38 0 46 38 37 0 36 43 36 28 7 39 18 35 25 24 48 14 7 34 19 11 4 30 17 0 10 16 8 13 45 23 47 41 30 14 1 28 40 22 20 40 7 35 4 6 5 12 46 22 29 21 21 36 22 43 28 33 38 22 21 31 2 21 12 3 18 43 16 28 12 13 1 24 32 44 5 32 48 37 43 2 34 5 47 28 34 2 8 0 29 0 19 44 14 27 27 33 21 15 16 32 25 25 13 32 1 36 32 46 7 13 26 16 42 26 29 23 30 4 8 48 11 3 39 2 38 5 17 20 48 40 30 39 45 24 47 39 45 31 46 28 10 5 43 33 41 28 33 26 40 40 39 16 23 28 40 27 30 48 28 45 45 42 17 18 32 21 8 45 15 36 41 27 35 14 27 16 47 30 24 20 0 23 46 23 3 44 18 46 34 10 31 31 47 22 27 42 48 29 15 30 6 15 25 18 19 41 47 12 1 17 48 22 38 12 15 26 41 34 11 16 24 13 10 29 9 31 45 31 25 25 35 27 14 6 17 44 1 43 40 37 3 6 10 3 41 42 42 6 48 11 24 43 15 24 43 45 39 29 1 15 36 9 42 35 35 7 32 34 41 16 8 25 33 44 44 7 16 4 22 33 26 14 45 28 36 17 19 43 46 11 39 22 23 24 4 41 40 26 4 23 12 17 15 9 28 44 9 29 12 38 23 15 23 36 19 36 48 0 24 34 5 36 12 6 44 46 34 29 15 42 30 20 0 
2018/4/20 12:45,DSJC500.5.txt,Tabu Local Search,1524458759,97036030,561.343,0,0,0,49,38 14 32 35 31 33 34 46 37 40 35 25 18 8 48 32 44 8 41 16 35 26 46 30 22 21 11 31 6 40 15 4 48 22 15 47 40 14 5 16 10 27 39 1 10 15 5 23 48 18 21 39 12 36 24 15 7 2 10 13 35 3 14 47 5 6 43 39 3 13 19 41 0 38 20 48 29 30 36 37 33 29 25 28 40 3 22 39 21 13 7 2 1 8 7 27 16 26 20 14 30 38 44 45 44 1 12 1 0 9 18 36 42 10 43 29 6 6 40 45 26 14 44 28 9 21 8 3 19 24 46 38 45 33 24 35 24 42 6 43 28 10 4 30 7 14 30 9 22 23 19 17 46 26 27 33 42 20 4 36 24 9 36 43 35 12 34 18 8 16 10 10 16 36 34 46 13 48 9 30 36 25 38 7 0 15 23 33 47 24 33 26 10 3 32 5 47 32 29 46 31 4 48 26 10 37 2 7 26 1 20 44 34 23 27 27 9 35 11 34 3 42 38 33 9 29 32 47 30 45 35 25 19 2 39 45 42 4 48 35 28 29 45 24 1 46 33 25 37 40 18 43 19 11 32 29 10 34 28 38 3 14 16 31 27 26 6 9 2 47 7 4 43 17 39 21 27 16 44 40 21 29 47 7 44 9 32 34 20 21 30 26 30 19 0 20 9 43 37 41 5 4 32 41 17 18 34 12 42 27 0 37 39 8 8 44 13 17 11 37 18 13 44 14 29 18 41 41 5 6 25 34 3 10 41 17 11 42 6 17 19 37 32 39 43 11 15 48 22 36 13 22 28 22 41 0 1 25 40 26 24 38 8 4 7 6 16 24 0 12 18 15 25 4 15 37 3 25 1 12 5 2 21 40 22 12 48 11 34 20 8 31 34 41 44 17 32 23 0 38 41 35 28 45 30 13 33 26 11 23 21 36 19 22 17 15 37 23 16 2 23 7 41 2 47 12 19 14 45 5 24 35 13 7 48 19 40 3 40 16 28 28 7 26 23 47 5 43 38 46 18 22 6 31 32 24 26 8 24 29 5 4 44 42 2 37 31 45 46 12 40 24 28 1 27 34 0 43 13 15 13 11 0 39 34 31 46 23 47 22 19 28 5 43 47 2 42 8 27 33 
2018/4/20 12:56,DSJC500.5.txt,Tabu Local Search,1524459364,9225957,54.087,0,0,0,49,23 37 24 33 19 30 10 15 36 39 2 18 30 38 45 13 21 9 26 23 13 46 40 24 22 37 5 41 28 38 19 36 24 6 16 30 39 20 29 20 18 45 16 16 10 34 34 33 20 43 39 25 43 0 4 45 23 27 26 3 15 8 23 36 13 26 13 30 21 37 21 42 29 40 6 25 14 45 23 8 22 33 22 30 34 21 47 8 9 37 41 14 17 38 15 26 42 46 7 20 24 27 16 44 5 11 23 26 1 18 27 32 6 36 22 48 43 15 43 9 46 20 28 6 14 1 28 25 28 19 23 30 17 40 4 7 38 0 11 31 42 18 6 47 26 20 36 40 11 1 28 48 35 46 12 24 1 17 41 36 4 11 1 22 17 4 32 27 5 0 17 37 37 43 2 0 1 8 3 5 23 36 23 41 43 7 1 24 18 4 27 46 40 16 17 11 47 42 34 18 44 11 2 46 9 29 10 26 46 32 6 16 2 1 39 47 23 22 24 8 8 2 16 15 44 40 39 6 32 41 47 34 19 38 8 41 0 21 24 40 6 33 39 4 40 30 39 5 48 16 2 32 28 10 21 47 4 45 20 41 4 20 15 15 3 46 15 5 0 0 25 9 22 25 35 19 45 14 14 39 14 3 9 18 29 32 37 37 41 15 8 46 10 27 45 13 41 18 44 42 1 21 33 42 35 43 2 12 33 30 12 35 2 1 35 48 3 35 40 22 47 39 11 18 7 27 42 42 35 2 3 9 42 10 42 22 14 48 15 32 28 19 27 33 18 36 3 25 5 12 48 12 29 45 42 8 30 41 16 46 4 26 2 32 9 21 18 4 26 27 3 36 17 41 28 9 8 9 25 31 38 45 44 17 43 26 0 31 17 12 16 32 31 34 14 26 30 33 29 28 42 23 45 9 33 14 15 46 38 12 39 11 19 3 20 10 31 43 23 12 24 48 25 19 47 12 44 20 41 4 22 29 10 29 43 28 44 24 39 27 6 13 0 46 15 7 36 22 45 42 3 37 40 1 37 35 46 39 25 23 36 0 7 38 47 24 27 44 13 21 34 4 35 7 3 32 29 33 47 38 19 14 43 44 31 31 31 20 32 11 29 35 37 21 47 37 22 18 45 21 
2018/4/20 12:58,DSJC500.5.txt,Tabu Local Search,1524459489,48270687,289.826,0,0,0,49,13 47 39 33 19 7 10 26 18 24 27 0 1 33 35 14 3 4 13 42 27 39 36 34 1 15 13 37 0 12 36 6 21 31 29 12 29 2 5 41 40 35 2 30 40 5 28 35 8 23 30 26 13 12 4 3 5 23 41 44 40 48 3 47 23 43 31 26 3 22 3 34 24 45 11 8 37 28 45 24 45 32 12 19 19 3 4 34 34 22 21 40 11 26 14 46 42 7 11 32 27 42 35 11 47 11 5 25 3 48 7 43 7 33 34 15 18 17 47 39 18 18 17 47 5 12 44 3 38 20 45 46 12 45 41 16 1 7 28 13 19 40 16 39 21 28 29 6 25 4 23 48 8 11 34 30 36 42 39 38 41 22 35 42 16 46 10 43 27 12 34 37 24 33 10 12 22 28 11 26 38 0 1 36 41 16 36 29 36 42 43 24 16 48 27 25 20 37 32 40 34 18 8 2 40 37 31 14 16 23 14 17 10 2 20 2 38 46 21 10 9 7 15 43 19 39 44 9 21 25 20 25 5 40 42 48 33 26 38 35 27 47 17 9 45 4 17 8 12 48 27 9 17 46 30 2 0 10 46 36 13 1 39 19 7 31 28 18 32 17 33 21 0 14 26 18 7 26 39 5 46 4 45 7 30 14 11 10 45 39 31 46 26 38 21 0 13 34 24 31 35 21 43 35 0 27 10 17 8 16 6 20 16 44 33 6 22 0 43 32 18 22 34 42 28 42 46 25 5 28 42 10 24 40 19 32 19 20 18 15 7 15 43 32 32 38 1 8 46 35 22 1 19 36 11 27 16 45 6 23 37 15 8 15 30 48 1 18 41 23 15 6 47 40 17 2 37 18 8 33 29 18 24 33 44 25 7 38 10 45 25 19 10 31 40 32 44 18 7 35 16 16 44 31 28 22 37 15 2 9 41 20 25 4 32 36 14 38 9 0 38 48 8 29 4 21 31 33 23 48 1 28 22 28 41 24 46 34 25 13 9 9 12 25 29 37 36 48 17 11 4 21 42 19 15 41 17 1 20 45 38 47 35 23 29 44 9 2 29 5 0 41 36 19 20 10 6 5 22 3 22 21 43 26 10 38 30 28 45 21 15 48 36 11 23 35 39 1 44 3 
2018/4/20 13:04,DSJC500.9.txt,Tabu Local Search,1524459896,171319,2.664,0,0,0,129,42 48 119 56 102 43 57 98 63 1 7 83 61 80 91 128 96 15 110 26 3 49 21 122 75 124 14 17 5 75 38 81 16 86 34 39 119 38 56 0 34 128 73 6 63 65 69 27 9 22 67 78 102 29 112 7 40 60 16 24 104 95 62 107 123 30 74 10 23 32 12 95 6 100 22 33 47 9 4 100 63 90 101 58 3 51 18 57 118 63 53 29 122 23 108 77 70 110 103 11 93 0 69 65 7 32 54 22 41 31 80 79 113 44 28 101 5 74 19 64 84 101 62 93 72 113 55 1 117 78 66 34 2 82 51 116 49 7 124 73 53 114 114 120 89 109 103 27 114 72 18 44 39 109 113 39 43 83 86 21 43 40 57 19 97 119 97 111 117 33 104 24 10 44 96 10 128 111 111 41 98 107 102 111 91 46 92 108 52 90 105 106 26 112 100 88 78 49 44 61 50 47 10 54 5 15 75 4 30 18 123 83 14 14 60 99 46 69 96 3 30 105 71 31 84 26 115 72 19 104 54 71 41 56 59 35 112 73 93 27 25 65 67 58 68 94 60 113 85 92 124 59 85 3 80 66 17 42 88 86 125 55 13 82 127 108 0 23 106 37 35 52 20 67 50 76 90 127 1 6 126 97 71 85 125 2 22 106 118 80 77 62 116 66 117 41 76 57 97 76 105 74 25 46 50 24 14 70 8 40 17 45 98 43 31 25 88 69 30 12 1 126 74 123 83 76 17 47 20 8 59 11 52 33 91 37 39 89 60 121 79 101 91 68 58 9 32 12 15 56 99 92 35 95 124 52 20 55 45 34 127 95 94 115 122 33 29 64 85 107 108 70 79 116 117 115 21 115 20 123 88 71 36 29 119 37 64 81 121 66 77 35 89 42 53 122 38 2 28 92 62 3 28 126 100 110 5 59 16 37 125 51 87 94 81 110 77 50 81 82 80 125 49 38 81 23 25 48 114 27 42 103 126 93 64 58 4 111 36 102 84 88 9 21 120 48 55 47 96 45 8 31 24 128 116 8 13 46 65 11 121 79 48 0 90 13 112 82 68 87 120 105 84 60 61 121 120 18 53 87 40 107 109 16 12 70 118 99 86 6 72 78 94 11 15 103 99 109 59 89 
2018/4/20 13:05,DSJC500.9.txt,Tabu Local Search,1524459919,872012,8.991,0,0,0,128,60 93 67 121 79 81 74 114 108 123 49 3 40 36 62 73 97 101 14 113 68 15 3 42 113 13 21 56 67 1 102 108 79 107 103 18 67 102 92 86 103 95 26 62 96 31 72 83 122 53 122 18 63 127 46 82 13 75 33 32 0 60 3 98 114 7 90 119 7 22 2 23 106 30 45 12 47 9 126 23 108 85 89 24 63 32 81 74 87 44 38 60 16 118 43 111 114 82 33 68 121 92 72 50 4 32 87 116 54 52 36 47 112 125 39 126 105 109 93 69 76 89 107 14 109 111 43 123 78 15 86 103 23 88 18 76 116 53 22 124 19 19 124 10 65 8 31 90 19 52 64 125 83 8 111 89 12 5 22 95 55 4 74 46 41 2 77 37 82 9 17 29 119 125 97 119 73 37 37 25 30 98 121 37 70 59 93 73 57 85 64 45 46 105 2 27 4 94 125 83 111 16 119 14 105 112 1 86 123 117 104 20 43 43 75 15 55 72 97 84 45 100 42 55 100 115 35 58 126 12 108 96 50 29 71 6 6 28 7 13 68 50 59 49 44 100 75 61 101 59 112 71 49 63 36 110 38 99 27 0 54 11 13 88 24 96 40 86 58 1 21 57 34 18 41 5 85 38 25 109 101 41 51 77 124 79 53 42 40 36 113 17 26 35 82 52 33 74 40 5 92 115 20 2 45 109 17 99 84 61 4 77 110 30 29 20 27 72 32 66 123 41 60 78 12 56 99 47 34 51 71 66 57 10 70 91 73 65 75 44 29 118 91 118 55 122 21 64 112 110 28 64 31 80 89 57 34 101 44 103 76 93 21 11 92 9 127 69 59 98 48 114 117 0 64 35 17 35 34 104 27 94 48 127 67 117 69 70 19 94 124 109 65 87 24 52 102 104 118 15 10 63 80 121 80 106 105 71 96 1 104 24 54 105 116 81 76 25 84 88 36 0 113 102 62 61 39 115 28 39 117 79 51 26 69 9 61 37 49 6 16 27 122 95 10 11 16 47 97 99 116 107 39 5 26 51 25 28 31 68 91 78 115 120 85 56 6 88 48 22 106 50 58 75 56 106 120 11 66 54 90 98 8 70 66 95 77 78 53 94 110 38 94 127 20 33 14 8 71 65 
2018/4/20 13:06,DSJC500.9.txt,Tabu Local Search,1524460011,6370502,55.608,0,0,0,127,3 8 28 109 123 14 46 108 121 11 99 56 20 10 126 42 92 92 29 107 37 18 13 12 122 59 71 105 49 70 15 121 3 58 21 5 33 75 119 67 67 83 40 9 57 19 53 106 57 102 57 5 56 108 117 89 59 55 61 93 26 114 13 36 115 52 39 46 58 88 32 114 51 61 59 1 16 94 35 4 121 39 61 17 37 43 77 64 120 65 107 114 24 46 94 82 86 101 16 109 34 54 53 19 104 43 58 84 69 38 10 0 2 100 17 35 112 6 100 46 110 51 29 34 6 62 63 11 93 18 112 31 0 124 5 110 81 40 7 15 3 125 125 2 79 44 44 90 125 84 87 52 124 44 13 8 16 95 88 86 77 13 64 117 85 90 85 22 89 74 111 63 2 47 83 106 24 22 22 89 8 36 4 22 126 3 103 94 88 38 87 14 48 117 2 73 74 76 111 20 67 66 31 123 112 30 69 7 7 50 116 99 71 71 55 18 82 53 106 37 61 123 116 62 47 103 72 54 91 1 121 97 69 119 45 113 91 40 34 82 80 19 68 107 65 116 55 92 15 90 30 45 48 37 10 23 105 120 73 26 102 31 115 119 50 97 90 100 54 27 60 42 27 5 41 95 32 107 11 6 33 85 83 78 102 123 70 104 100 10 98 29 74 72 101 24 120 48 85 95 91 39 80 12 41 6 111 24 81 91 105 78 23 14 62 80 73 53 56 25 11 113 39 115 64 83 105 0 63 81 45 25 118 68 126 27 9 1 55 65 62 99 126 82 47 109 49 87 30 23 40 87 79 114 59 21 101 27 65 27 110 98 71 119 74 20 57 1 29 36 99 77 31 26 87 72 111 72 68 104 73 76 4 66 4 118 109 28 14 76 98 6 12 35 84 32 75 94 17 18 60 37 38 113 52 122 112 45 97 69 102 17 30 112 84 28 110 41 28 124 10 26 122 75 25 15 80 122 125 35 118 101 43 34 60 7 9 22 124 108 70 73 52 96 113 51 63 0 33 78 81 66 21 95 86 79 115 12 19 88 60 9 97 42 38 96 86 41 42 48 51 75 8 55 84 104 79 44 25 77 89 36 56 103 67 106 78 93 120 76 23 2 76 66 50 16 92 44 45 33 
